-10	-0,912945251
-9,99	-0,904601571
-9,98	-0,895896062
-9,97	-0,886832207
-9,96	-0,877413631
-9,95	-0,867644101
-9,94	-0,857527525
-9,93	-0,847067949
-9,92	-0,836269558
-9,91	-0,825136669
-9,9	-0,813673738
-9,89	-0,801885347
-9,88	-0,789776213
-9,87	-0,777351179
-9,86	-0,764615215
-9,85	-0,751573415
-9,84	-0,738230996
-9,83	-0,724593294
-9,82	-0,710665765
-9,81	-0,696453979
-9,8	-0,68196362
-9,79	-0,667200485
-9,78	-0,652170479
-9,77	-0,636879613
-9,76	-0,621334004
-9,75	-0,60553987
-9,74	-0,589503527
-9,73	-0,573231392
-9,72	-0,556729971
-9,71	-0,540005866
-9,7	-0,523065765
-9,69	-0,505916445
-9,68	-0,488564766
-9,67	-0,471017667
-9,66	-0,453282167
-9,65	-0,43536536
-9,64	-0,417274413
-9,63	-0,399016562
-9,62	-0,38059911
-9,61	-0,362029423
-9,6	-0,343314929
-9,59	-0,324463113
-9,58	-0,305481517
-9,57	-0,286377732
-9,56	-0,2671594
-9,55	-0,247834208
-9,54	-0,228409885
-9,53	-0,208894202
-9,52	-0,189294963
-9,51	-0,169620009
-9,5	-0,14987721
-9,49	-0,130074461
-9,48	-0,110219684
-9,47	-0,090320821
-9,46	-0,070385831
-9,45	-0,050422688
-9,44	-0,030439376
-9,43	-0,010443889
-9,42	0,009555776
-9,41	0,029551619
-9,4	0,049535641
-9,39	0,06949985
-9,38	0,089436259
-9,37	0,109336896
-9,36	0,129193799
-9,35	0,148999026
-9,34	0,168744655
-9,33	0,188422789
-9,32	0,208025557
-9,31	0,227545117
-9,3	0,246973662
-9,29	0,266303421
-9,28	0,285526661
-9,27	0,304635696
-9,26	0,323622879
-9,25	0,342480618
-9,24	0,36120137
-9,23	0,379777645
-9,22	0,398202015
-9,21	0,416467109
-9,2	0,434565622
-9,19	0,452490314
-9,18	0,470234017
-9,17	0,487789632
-9,16	0,505150137
-9,15	0,52230859
-9,14	0,539258125
-9,13	0,555991965
-9,12	0,572503416
-9,11	0,588785872
-9,1	0,604832822
-9,09	0,620637847
-9,08	0,636194626
-9,07	0,651496935
-9,06	0,666538653
-9,05	0,681313766
-9,04	0,695816361
-9,03	0,71004064
-9,02	0,723980912
-9,01	0,737631601
-9	0,750987247
-8,99	0,764042508
-8,98	0,776792163
-8,97	0,789231111
-8,96	0,801354377
-8,95	0,813157112
-8,94	0,824634595
-8,93	0,835782235
-8,92	0,846595573
-8,91	0,857070285
-8,9	0,867202179
-8,89	0,876987205
-8,88	0,886421447
-8,87	0,895501133
-8,86	0,90422263
-8,85	0,91258245
-8,84	0,920577249
-8,83	0,92820383
-8,82	0,935459141
-8,81	0,942340281
-8,8	0,948844498
-8,79	0,954969189
-8,78	0,960711906
-8,77	0,966070351
-8,76	0,97104238
-8,75	0,975626005
-8,74	0,979819393
-8,73	0,983620867
-8,72	0,987028905
-8,71	0,990042144
-8,7	0,99265938
-8,69	0,994879566
-8,68	0,996701813
-8,67	0,998125392
-8,66	0,999149735
-8,65	0,999774431
-8,64	0,999999231
-8,63	0,999824044
-8,62	0,999248941
-8,61	0,998274152
-8,6	0,996900066
-8,59	0,995127234
-8,58	0,992956364
-8,57	0,990388324
-8,56	0,987424143
-8,55	0,984065005
-8,54	0,980312254
-8,53	0,976167392
-8,52	0,971632075
-8,51	0,966708119
-8,5	0,961397492
-8,49	0,955702319
-8,48	0,949624878
-8,47	0,943167599
-8,46	0,936333066
-8,45	0,929124013
-8,44	0,921543322
-8,43	0,913594026
-8,42	0,905279305
-8,41	0,896602484
-8,4	0,887567034
-8,39	0,878176569
-8,38	0,868434845
-8,37	0,858345758
-8,36	0,847913345
-8,35	0,837141778
-8,34	0,826035365
-8,33	0,814598549
-8,32	0,802835905
-8,31	0,790752137
-8,3	0,778352079
-8,29	0,76564069
-8,28	0,752623055
-8,27	0,739304381
-8,26	0,725689995
-8,25	0,711785342
-8,24	0,697595985
-8,23	0,683127599
-8,22	0,668385971
-8,21	0,653376998
-8,2	0,638106682
-8,19	0,622581133
-8,18	0,606806559
-8,17	0,59078927
-8,16	0,574535674
-8,15	0,558052271
-8,14	0,541345655
-8,13	0,524422508
-8,12	0,507289598
-8,11	0,48995378
-8,1	0,472421986
-8,09	0,45470123
-8,08	0,4367986
-8,07	0,418721256
-8,06	0,400476429
-8,05	0,382071417
-8,04	0,363513582
-8,03	0,344810345
-8,02	0,32596919
-8,01	0,306997651
-8	0,287903317
-7,99	0,268693825
-7,98	0,24937686
-7,97	0,229960147
-7,96	0,210451453
-7,95	0,190858581
-7,94	0,171189369
-7,93	0,151451683
-7,92	0,131653418
-7,91	0,111802494
-7,9	0,09190685
-7,89	0,071974445
-7,88	0,052013251
-7,87	0,032031252
-7,86	0,012036441
-7,85	-0,007963184
-7,84	-0,027959624
-7,83	-0,04794488
-7,82	-0,06791096
-7,81	-0,087849875
-7,8	-0,107753652
-7,79	-0,127614329
-7,78	-0,147423962
-7,77	-0,167174627
-7,76	-0,186858425
-7,75	-0,206467482
-7,74	-0,225993954
-7,73	-0,245430032
-7,72	-0,264767942
-7,71	-0,283999947
-7,7	-0,303118357
-7,69	-0,322115523
-7,68	-0,340983847
-7,67	-0,359715782
-7,66	-0,378303836
-7,65	-0,396740573
-7,64	-0,415018619
-7,63	-0,433130664
-7,62	-0,451069462
-7,61	-0,468827838
-7,6	-0,486398689
-7,59	-0,503774987
-7,58	-0,520949782
-7,57	-0,537916204
-7,56	-0,554667467
-7,55	-0,57119687
-7,54	-0,587497802
-7,53	-0,603563742
-7,52	-0,619388265
-7,51	-0,634965042
-7,5	-0,65028784
-7,49	-0,665350532
-7,48	-0,680147093
-7,47	-0,694671604
-7,46	-0,708918256
-7,45	-0,72288135
-7,44	-0,7365553
-7,43	-0,749934639
-7,42	-0,763014014
-7,41	-0,775788193
-7,4	-0,788252067
-7,39	-0,800400651
-7,38	-0,812229086
-7,37	-0,82373264
-7,36	-0,834906711
-7,35	-0,845746831
-7,34	-0,856248664
-7,33	-0,866408008
-7,32	-0,876220801
-7,31	-0,885683117
-7,3	-0,894791172
-7,29	-0,903541322
-7,28	-0,911930068
-7,27	-0,919954054
-7,26	-0,927610071
-7,25	-0,934895056
-7,24	-0,941806095
-7,23	-0,948340424
-7,22	-0,95449543
-7,21	-0,960268651
-7,2	-0,965657777
-7,19	-0,970660652
-7,18	-0,975275276
-7,17	-0,979499804
-7,16	-0,983332544
-7,15	-0,986771964
-7,14	-0,989816689
-7,13	-0,9924655
-7,12	-0,994717339
-7,11	-0,996571303
-7,1	-0,998026653
-7,09	-0,999082805
-7,08	-0,999739337
-7,07	-0,999995987
-7,06	-0,999852652
-7,05	-0,999309389
-7,04	-0,998366415
-7,03	-0,997024109
-7,02	-0,995283006
-7,01	-0,993143803
-7	-0,990607356
-6,99	-0,987674679
-6,98	-0,984346945
-6,97	-0,980625486
-6,96	-0,976511789
-6,95	-0,972007501
-6,94	-0,967114423
-6,93	-0,961834512
-6,92	-0,95616988
-6,91	-0,950122793
-6,9	-0,943695669
-6,89	-0,93689108
-6,88	-0,929711747
-6,87	-0,922160541
-6,86	-0,914240484
-6,85	-0,905954742
-6,84	-0,897306631
-6,83	-0,888299609
-6,82	-0,878937279
-6,81	-0,869223386
-6,8	-0,859161815
-6,79	-0,848756591
-6,78	-0,838011875
-6,77	-0,826931966
-6,76	-0,815521295
-6,75	-0,803784427
-6,74	-0,791726055
-6,73	-0,779351004
-6,72	-0,766664222
-6,71	-0,753670785
-6,7	-0,74037589
-6,69	-0,726784854
-6,68	-0,712903114
-6,67	-0,698736223
-6,66	-0,684289846
-6,65	-0,669569762
-6,64	-0,65458186
-6,63	-0,639332133
-6,62	-0,623826682
-6,61	-0,608071709
-6,6	-0,592073515
-6,59	-0,575838499
-6,58	-0,559373156
-6,57	-0,542684071
-6,56	-0,52577792
-6,55	-0,508661464
-6,54	-0,491341551
-6,53	-0,473825108
-6,52	-0,456119141
-6,51	-0,438230732
-6,5	-0,420167037
-6,49	-0,40193528
-6,48	-0,383542755
-6,47	-0,364996818
-6,46	-0,346304887
-6,45	-0,327474439
-6,44	-0,308513005
-6,43	-0,289428171
-6,42	-0,270227569
-6,41	-0,250918879
-6,4	-0,231509825
-6,39	-0,21200817
-6,38	-0,192421715
-6,37	-0,172758294
-6,36	-0,153025772
-6,35	-0,133232041
-6,34	-0,11338502
-6,33	-0,093492646
-6,32	-0,073562876
-6,31	-0,053603682
-6,3	-0,033623047
-6,29	-0,013628964
-6,28	0,006370571
-6,27	0,026367558
-6,26	0,046353998
-6,25	0,066321897
-6,24	0,086263269
-6,23	0,106170136
-6,22	0,126034536
-6,21	0,145848525
-6,2	0,165604175
-6,19	0,185293587
-6,18	0,204908883
-6,17	0,224442219
-6,16	0,243885781
-6,15	0,263231791
-6,14	0,282472513
-6,13	0,301600249
-6,12	0,320607349
-6,11	0,339486211
-6,1	0,358229282
-6,09	0,376829067
-6,08	0,395278125
-6,07	0,413569077
-6,06	0,431694607
-6,05	0,449647465
-6,04	0,467420469
-6,03	0,485006512
-6,02	0,502398559
-6,01	0,519589653
-6	0,536572918
-5,99	0,553341561
-5,98	0,569888875
-5,97	0,586208241
-5,96	0,602293131
-5,95	0,618137112
-5,94	0,633733847
-5,93	0,649077096
-5,92	0,664160724
-5,91	0,678978695
-5,9	0,693525085
-5,89	0,707794073
-5,88	0,721779954
-5,87	0,735477132
-5,86	0,748880129
-5,85	0,761983584
-5,84	0,774782256
-5,83	0,787271025
-5,82	0,799444896
-5,81	0,811299
-5,8	0,822828595
-5,79	0,83402907
-5,78	0,844895944
-5,77	0,855424871
-5,76	0,865611639
-5,75	0,875452175
-5,74	0,884942541
-5,73	0,894078942
-5,72	0,902857723
-5,71	0,911275373
-5,7	0,919328526
-5,69	0,927013959
-5,68	0,934328599
-5,67	0,94126952
-5,66	0,947833945
-5,65	0,95401925
-5,64	0,95982296
-5,63	0,965242753
-5,62	0,970276462
-5,61	0,974922074
-5,6	0,979177729
-5,59	0,983041727
-5,58	0,986512521
-5,57	0,989588723
-5,56	0,992269103
-5,55	0,994552588
-5,54	0,996438266
-5,53	0,997925382
-5,52	0,99901334
-5,51	0,999701707
-5,5	0,999990207
-5,49	0,999878723
-5,48	0,999367302
-5,47	0,998456147
-5,46	0,997145622
-5,45	0,995436253
-5,44	0,993328723
-5,43	0,990823874
-5,42	0,987922709
-5,41	0,984626388
-5,4	0,98093623
-5,39	0,97685371
-5,38	0,972380462
-5,37	0,967518275
-5,36	0,962269093
-5,35	0,956635016
-5,34	0,950618298
-5,33	0,944221346
-5,32	0,937446717
-5,31	0,930297123
-5,3	0,922775422
-5,29	0,914884623
-5,28	0,906627882
-5,27	0,898008502
-5,26	0,889029931
-5,25	0,87969576
-5,24	0,870009722
-5,23	0,859975692
-5,22	0,849597683
-5,21	0,838879846
-5,2	0,827826469
-5,19	0,816441972
-5,18	0,804730909
-5,17	0,792697965
-5,16	0,780347952
-5,15	0,76768581
-5,14	0,754716604
-5,13	0,741445521
-5,12	0,72787787
-5,11	0,714019078
-5,1	0,699874688
-5,09	0,685450357
-5,08	0,670751855
-5,07	0,655785061
-5,06	0,640555962
-5,05	0,625070649
-5,04	0,609335316
-5,03	0,593356257
-5,02	0,577139864
-5,01	0,560692622
-5	0,544021111
-4,99	0,527131998
-4,98	0,51003204
-4,97	0,492728076
-4,96	0,475227027
-4,95	0,457535894
-4,94	0,439661752
-4,93	0,421611752
-4,92	0,403393112
-4,91	0,385013121
-4,9	0,366479129
-4,89	0,347798551
-4,88	0,328978858
-4,87	0,310027578
-4,86	0,290952291
-4,85	0,271760626
-4,84	0,252460262
-4,83	0,233058916
-4,82	0,21356435
-4,81	0,193984361
-4,8	0,174326781
-4,79	0,154599473
-4,78	0,134810327
-4,77	0,114967258
-4,76	0,095078204
-4,75	0,07515112
-4,74	0,055193977
-4,73	0,035214757
-4,72	0,015221451
-4,71	-0,004777943
-4,7	-0,024775425
-4,69	-0,044762998
-4,68	-0,064732667
-4,67	-0,084676443
-4,66	-0,10458635
-4,65	-0,124454424
-4,64	-0,144272717
-4,63	-0,164033303
-4,62	-0,183728279
-4,61	-0,203349765
-4,6	-0,222889914
-4,59	-0,24234091
-4,58	-0,261694973
-4,57	-0,280944362
-4,56	-0,300081376
-4,55	-0,319098362
-4,54	-0,337987713
-4,53	-0,356741874
-4,52	-0,375353342
-4,51	-0,393814674
-4,5	-0,412118485
-4,49	-0,430257455
-4,48	-0,448224327
-4,47	-0,466011915
-4,46	-0,483613105
-4,45	-0,501020856
-4,44	-0,518228206
-4,43	-0,535228271
-4,42	-0,552014252
-4,41	-0,568579435
-4,4	-0,584917193
-4,39	-0,601020992
-4,38	-0,616884391
-4,37	-0,632501045
-4,36	-0,647864706
-4,35	-0,66296923
-4,34	-0,677808575
-4,33	-0,692376806
-4,32	-0,706668096
-4,31	-0,720676727
-4,3	-0,734397098
-4,29	-0,747823719
-4,28	-0,760951221
-4,27	-0,773774353
-4,26	-0,786287985
-4,25	-0,798487113
-4,24	-0,810366856
-4,23	-0,821922463
-4,22	-0,833149313
-4,21	-0,844042913
-4,2	-0,854598908
-4,19	-0,864813075
-4,18	-0,874681328
-4,17	-0,88419972
-4,16	-0,893364444
-4,15	-0,902171834
-4,14	-0,910618367
-4,13	-0,918700665
-4,12	-0,926415495
-4,11	-0,933759772
-4,1	-0,940730557
-4,09	-0,947325062
-4,08	-0,95354065
-4,07	-0,959374834
-4,06	-0,964825281
-4,05	-0,969889811
-4,04	-0,974566398
-4,03	-0,978853171
-4,02	-0,982748416
-4,01	-0,986250575
-4	-0,989358247
-3,99	-0,992070188
-3,98	-0,994385315
-3,97	-0,996302701
-3,96	-0,997821579
-3,95	-0,998941342
-3,94	-0,999661541
-3,93	-0,99998189
-3,92	-0,999902259
-3,91	-0,99942268
-3,9	-0,998543345
-3,89	-0,997264607
-3,88	-0,995586976
-3,87	-0,993511123
-3,86	-0,99103788
-3,85	-0,988168234
-3,84	-0,984903334
-3,83	-0,981244486
-3,82	-0,977193153
-3,81	-0,972750956
-3,8	-0,967919672
-3,79	-0,962701233
-3,78	-0,957097726
-3,77	-0,951111392
-3,76	-0,944744627
-3,75	-0,937999977
-3,74	-0,930880139
-3,73	-0,923387961
-3,72	-0,915526441
-3,71	-0,907298722
-3,7	-0,898708096
-3,69	-0,889757998
-3,68	-0,88045201
-3,67	-0,870793852
-3,66	-0,860787388
-3,65	-0,850436621
-3,64	-0,83974569
-3,63	-0,828718872
-3,62	-0,817360578
-3,61	-0,805675351
-3,6	-0,793667864
-3,59	-0,78134292
-3,58	-0,76870545
-3,57	-0,755760508
-3,56	-0,742513272
-3,55	-0,72896904
-3,54	-0,715133231
-3,53	-0,701011377
-3,52	-0,686609129
-3,51	-0,671932246
-3,5	-0,656986599
-3,49	-0,641778166
-3,48	-0,62631303
-3,47	-0,610597378
-3,46	-0,594637495
-3,45	-0,578439764
-3,44	-0,562010666
-3,43	-0,545356771
-3,42	-0,52848474
-3,41	-0,511401322
-3,4	-0,494113351
-3,39	-0,476627741
-3,38	-0,458951486
-3,37	-0,441091657
-3,36	-0,423055397
-3,35	-0,404849921
-3,34	-0,38648251
-3,33	-0,367960511
-3,32	-0,349291332
-3,31	-0,330482442
-3,3	-0,311541364
-3,29	-0,292475672
-3,28	-0,273292995
-3,27	-0,254001004
-3,26	-0,234607416
-3,25	-0,215119988
-3,24	-0,195546515
-3,23	-0,175894826
-3,22	-0,156172782
-3,21	-0,13638827
-3,2	-0,116549205
-3,19	-0,096663522
-3,18	-0,076739174
-3,17	-0,056784132
-3,16	-0,036806377
-3,15	-0,0168139
-3,14	0,003185302
-3,13	0,02318323
-3,12	0,043171885
-3,11	0,063143272
-3,1	0,083089403
-3,09	0,103002299
-3,08	0,122873995
-3,07	0,142696544
-3,06	0,162462015
-3,05	0,182162504
-3,04	0,201790131
-3,03	0,221337044
-3,02	0,240795425
-3,01	0,260157491
-3	0,279415498
-2,99	0,298561742
-2,98	0,317588566
-2,97	0,336488358
-2,96	0,35525356
-2,95	0,373876665
-2,94	0,392350224
-2,93	0,410666848
-2,92	0,428819211
-2,91	0,446800052
-2,9	0,464602179
-2,89	0,482218472
-2,88	0,499641883
-2,87	0,516865444
-2,86	0,533882266
-2,85	0,550685543
-2,84	0,567268552
-2,83	0,583624661
-2,82	0,599747329
-2,81	0,615630105
-2,8	0,631266638
-2,79	0,646650672
-2,78	0,661776055
-2,77	0,676636736
-2,76	0,691226772
-2,75	0,705540326
-2,74	0,719571673
-2,73	0,733315201
-2,72	0,746765413
-2,71	0,759916929
-2,7	0,772764488
-2,69	0,785302951
-2,68	0,797527304
-2,67	0,809432656
-2,66	0,821014247
-2,65	0,832267442
-2,64	0,843187742
-2,63	0,853770778
-2,62	0,864012316
-2,61	0,873908262
-2,6	0,883454656
-2,59	0,892647679
-2,58	0,901483656
-2,57	0,909959051
-2,56	0,918070475
-2,55	0,925814682
-2,54	0,933188576
-2,53	0,940189208
-2,52	0,946813776
-2,51	0,953059631
-2,5	0,958924275
-2,49	0,964405362
-2,48	0,969500699
-2,47	0,97420825
-2,46	0,97852613
-2,45	0,982452613
-2,44	0,985986127
-2,43	0,989125261
-2,42	0,991868757
-2,41	0,99421552
-2,4	0,996164609
-2,39	0,997715246
-2,38	0,998866809
-2,37	0,99961884
-2,36	0,999971036
-2,35	0,999923258
-2,34	0,999475523
-2,33	0,998628011
-2,32	0,997381062
-2,31	0,995735173
-2,3	0,993691004
-2,29	0,991249371
-2,28	0,988411252
-2,27	0,985177782
-2,26	0,981550253
-2,25	0,977530118
-2,24	0,973118983
-2,23	0,968318614
-2,22	0,963130931
-2,21	0,957558007
-2,2	0,951602074
-2,19	0,945265512
-2,18	0,938550857
-2,17	0,931460794
-2,16	0,923998159
-2,15	0,916165937
-2,14	0,907967261
-2,13	0,89940541
-2,12	0,890483809
-2,11	0,881206026
-2,1	0,871575772
-2,09	0,8615969
-2,08	0,851273401
-2,07	0,840609404
-2,06	0,829609174
-2,05	0,818277111
-2,04	0,806617749
-2,03	0,79463575
-2,02	0,782335907
-2,01	0,769723141
-2	0,756802495
-1,99	0,743579139
-1,98	0,730058361
-1,97	0,716245569
-1,96	0,702146289
-1,95	0,687766159
-1,94	0,673110932
-1,93	0,65818647
-1,92	0,642998742
-1,91	0,627553823
-1,9	0,611857891
-1,89	0,595917224
-1,88	0,579738198
-1,87	0,563327284
-1,86	0,546691047
-1,85	0,529836141
-1,84	0,512769307
-1,83	0,495497373
-1,82	0,478027246
-1,81	0,460365915
-1,8	0,442520443
-1,79	0,424497969
-1,78	0,406305702
-1,77	0,387950918
-1,76	0,369440959
-1,75	0,350783228
-1,74	0,331985188
-1,73	0,313054359
-1,72	0,293998312
-1,71	0,27482467
-1,7	0,255541102
-1,69	0,236155321
-1,68	0,21667508
-1,67	0,197108173
-1,66	0,177462425
-1,65	0,157745694
-1,64	0,137965867
-1,63	0,118130856
-1,62	0,098248594
-1,61	0,078327033
-1,6	0,058374143
-1,59	0,038397905
-1,58	0,018406307
-1,57	-0,001592653
-1,56	-0,021590976
-1,55	-0,041580662
-1,54	-0,061553717
-1,53	-0,081502152
-1,52	-0,101417986
-1,51	-0,121293255
-1,5	-0,141120008
-1,49	-0,160890315
-1,48	-0,180596268
-1,47	-0,200229985
-1,46	-0,219783612
-1,45	-0,239249329
-1,44	-0,25861935
-1,43	-0,277885926
-1,42	-0,297041351
-1,41	-0,316077964
-1,4	-0,33498815
-1,39	-0,353764345
-1,38	-0,372399039
-1,37	-0,390884779
-1,36	-0,40921417
-1,35	-0,42737988
-1,34	-0,445374645
-1,33	-0,463191265
-1,32	-0,480822615
-1,31	-0,498261642
-1,3	-0,515501372
-1,29	-0,532534908
-1,28	-0,549355436
-1,27	-0,56595623
-1,26	-0,58233065
-1,25	-0,598472144
-1,24	-0,614374258
-1,23	-0,63003063
-1,22	-0,645434998
-1,21	-0,660581201
-1,2	-0,675463181
-1,19	-0,690074984
-1,18	-0,704410766
-1,17	-0,718464793
-1,16	-0,732231444
-1,15	-0,745705212
-1,14	-0,758880708
-1,13	-0,771752662
-1,12	-0,784315925
-1,11	-0,796565472
-1,1	-0,808496404
-1,09	-0,820103948
-1,08	-0,831383461
-1,07	-0,842330432
-1,06	-0,852940482
-1,05	-0,863209367
-1,04	-0,87313298
-1,03	-0,882707351
-1,02	-0,891928651
-1,01	-0,900793192
-1	-0,909297427
-0,99	-0,917437955
-0,98	-0,925211521
-0,97	-0,932615014
-0,96	-0,939645474
-0,95	-0,946300088
-0,94	-0,952576194
-0,93	-0,958471283
-0,92	-0,963982996
-0,91	-0,969109129
-0,9	-0,973847631
-0,89	-0,978196607
-0,88	-0,982154317
-0,87	-0,985719179
-0,86	-0,988889766
-0,85	-0,99166481
-0,84	-0,994043202
-0,83	-0,99602399
-0,82	-0,997606381
-0,81	-0,998789743
-0,8	-0,999573603
-0,79	-0,999957646
-0,78	-0,99994172
-0,77	-0,999525831
-0,76	-0,998710144
-0,75	-0,997494987
-0,74	-0,995880845
-0,73	-0,993868363
-0,72	-0,991458348
-0,71	-0,988651763
-0,7	-0,98544973
-0,69	-0,98185353
-0,68	-0,977864602
-0,67	-0,973484542
-0,66	-0,9687151
-0,65	-0,963558185
-0,64	-0,95801586
-0,63	-0,952090342
-0,62	-0,945783999
-0,61	-0,939099356
-0,6	-0,932039086
-0,59	-0,924606012
-0,58	-0,916803109
-0,57	-0,908633496
-0,56	-0,900100442
-0,55	-0,89120736
-0,54	-0,881957807
-0,53	-0,872355482
-0,52	-0,862404227
-0,51	-0,852108022
-0,5	-0,841470985
-0,49	-0,83049737
-0,48	-0,819191568
-0,47	-0,8075581
-0,46	-0,79560162
-0,45	-0,78332691
-0,44	-0,770738879
-0,43	-0,757842563
-0,42	-0,74464312
-0,41	-0,73114583
-0,4	-0,717356091
-0,39	-0,703279419
-0,38	-0,688921445
-0,37	-0,674287912
-0,36	-0,659384672
-0,35	-0,644217687
-0,34	-0,628793024
-0,33	-0,613116852
-0,32	-0,597195441
-0,31	-0,581035161
-0,3	-0,564642473
-0,29	-0,548023937
-0,28	-0,531186198
-0,27	-0,514135992
-0,26	-0,496880138
-0,25	-0,479425539
-0,24	-0,461779176
-0,23	-0,443948107
-0,22	-0,425939465
-0,21	-0,407760453
-0,2	-0,389418342
-0,19	-0,370920469
-0,18	-0,352274233
-0,17	-0,333487092
-0,16	-0,314566561
-0,15	-0,295520207
-0,14	-0,276355649
-0,13	-0,257080552
-0,12	-0,237702626
-0,11	-0,218229623
-0,1	-0,198669331
-0,09	-0,179029573
-0,08	-0,159318207
-0,07	-0,139543115
-0,06	-0,119712207
-0,05	-0,099833417
-0,04	-0,079914694
-0,03	-0,059964006
-0,02	-0,039989334
-0,01	-0,019998667
-2,0961E-13	-4,1922E-13
0,01	0,019998667
0,02	0,039989334
0,03	0,059964006
0,04	0,079914694
0,05	0,099833417
0,06	0,119712207
0,07	0,139543115
0,08	0,159318207
0,09	0,179029573
0,1	0,198669331
0,11	0,218229623
0,12	0,237702626
0,13	0,257080552
0,14	0,276355649
0,15	0,295520207
0,16	0,314566561
0,17	0,333487092
0,18	0,352274233
0,19	0,370920469
0,2	0,389418342
0,21	0,407760453
0,22	0,425939465
0,23	0,443948107
0,24	0,461779176
0,25	0,479425539
0,26	0,496880138
0,27	0,514135992
0,28	0,531186198
0,29	0,548023937
0,3	0,564642473
0,31	0,581035161
0,32	0,597195441
0,33	0,613116852
0,34	0,628793024
0,35	0,644217687
0,36	0,659384672
0,37	0,674287912
0,38	0,688921445
0,39	0,703279419
0,4	0,717356091
0,41	0,73114583
0,42	0,74464312
0,43	0,757842563
0,44	0,770738879
0,45	0,78332691
0,46	0,79560162
0,47	0,8075581
0,48	0,819191568
0,49	0,83049737
0,5	0,841470985
0,51	0,852108022
0,52	0,862404227
0,53	0,872355482
0,54	0,881957807
0,55	0,89120736
0,56	0,900100442
0,57	0,908633496
0,58	0,916803109
0,59	0,924606012
0,6	0,932039086
0,61	0,939099356
0,62	0,945783999
0,63	0,952090342
0,64	0,95801586
0,65	0,963558185
0,66	0,9687151
0,67	0,973484542
0,68	0,977864602
0,69	0,98185353
0,7	0,98544973
0,71	0,988651763
0,72	0,991458348
0,73	0,993868363
0,74	0,995880845
0,75	0,997494987
0,76	0,998710144
0,77	0,999525831
0,78	0,99994172
0,79	0,999957646
0,8	0,999573603
0,81	0,998789743
0,82	0,997606381
0,83	0,99602399
0,84	0,994043202
0,85	0,99166481
0,86	0,988889766
0,87	0,985719179
0,88	0,982154317
0,89	0,978196607
0,9	0,973847631
0,91	0,969109129
0,92	0,963982996
0,93	0,958471283
0,94	0,952576194
0,95	0,946300088
0,96	0,939645474
0,97	0,932615014
0,98	0,925211521
0,99	0,917437955
1	0,909297427
1,01	0,900793192
1,02	0,891928651
1,03	0,882707351
1,04	0,87313298
1,05	0,863209367
1,06	0,852940482
1,07	0,842330432
1,08	0,831383461
1,09	0,820103948
1,1	0,808496404
1,11	0,796565472
1,12	0,784315925
1,13	0,771752662
1,14	0,758880708
1,15	0,745705212
1,16	0,732231444
1,17	0,718464793
1,18	0,704410766
1,19	0,690074984
1,2	0,675463181
1,21	0,660581201
1,22	0,645434998
1,23	0,63003063
1,24	0,614374258
1,25	0,598472144
1,26	0,58233065
1,27	0,56595623
1,28	0,549355436
1,29	0,532534908
1,3	0,515501372
1,31	0,498261642
1,32	0,480822615
1,33	0,463191265
1,34	0,445374645
1,35	0,42737988
1,36	0,40921417
1,37	0,390884779
1,38	0,372399039
1,39	0,353764345
1,4	0,33498815
1,41	0,316077964
1,42	0,297041351
1,43	0,277885926
1,44	0,25861935
1,45	0,239249329
1,46	0,219783612
1,47	0,200229985
1,48	0,180596268
1,49	0,160890315
1,5	0,141120008
1,51	0,121293255
1,52	0,101417986
1,53	0,081502152
1,54	0,061553717
1,55	0,041580662
1,56	0,021590976
1,57	0,001592653
1,58	-0,018406307
1,59	-0,038397905
1,6	-0,058374143
1,61	-0,078327033
1,62	-0,098248594
1,63	-0,118130856
1,64	-0,137965867
1,65	-0,157745694
1,66	-0,177462425
1,67	-0,197108173
1,68	-0,21667508
1,69	-0,236155321
1,7	-0,255541102
1,71	-0,27482467
1,72	-0,293998312
1,73	-0,313054359
1,74	-0,331985188
1,75	-0,350783228
1,76	-0,369440959
1,77	-0,387950918
1,78	-0,406305702
1,79	-0,424497969
1,8	-0,442520443
1,81	-0,460365915
1,82	-0,478027246
1,83	-0,495497373
1,84	-0,512769307
1,85	-0,529836141
1,86	-0,546691047
1,87	-0,563327284
1,88	-0,579738198
1,89	-0,595917224
1,9	-0,611857891
1,91	-0,627553823
1,92	-0,642998742
1,93	-0,65818647
1,94	-0,673110932
1,95	-0,687766159
1,96	-0,702146289
1,97	-0,716245569
1,98	-0,730058361
1,99	-0,743579139
2	-0,756802495
2,01	-0,769723141
2,02	-0,782335907
2,03	-0,79463575
2,04	-0,806617749
2,05	-0,818277111
2,06	-0,829609174
2,07	-0,840609404
2,08	-0,851273401
2,09	-0,8615969
2,1	-0,871575772
2,11	-0,881206026
2,12	-0,890483809
2,13	-0,89940541
2,14	-0,907967261
2,15	-0,916165937
2,16	-0,923998159
2,17	-0,931460794
2,18	-0,938550857
2,19	-0,945265512
2,2	-0,951602074
2,21	-0,957558007
2,22	-0,963130931
2,23	-0,968318614
2,24	-0,973118983
2,25	-0,977530118
2,26	-0,981550253
2,27	-0,985177782
2,28	-0,988411252
2,29	-0,991249371
2,3	-0,993691004
2,31	-0,995735173
2,32	-0,997381062
2,33	-0,998628011
2,34	-0,999475523
2,35	-0,999923258
2,36	-0,999971036
2,37	-0,99961884
2,38	-0,998866809
2,39	-0,997715246
2,4	-0,996164609
2,41	-0,99421552
2,42	-0,991868757
2,43	-0,989125261
2,44	-0,985986127
2,45	-0,982452613
2,46	-0,97852613
2,47	-0,97420825
2,48	-0,969500699
2,49	-0,964405362
2,5	-0,958924275
2,51	-0,953059631
2,52	-0,946813776
2,53	-0,940189208
2,54	-0,933188576
2,55	-0,925814682
2,56	-0,918070475
2,57	-0,909959051
2,58	-0,901483656
2,59	-0,892647679
2,6	-0,883454656
2,61	-0,873908262
2,62	-0,864012316
2,63	-0,853770778
2,64	-0,843187742
2,65	-0,832267442
2,66	-0,821014247
2,67	-0,809432656
2,68	-0,797527304
2,69	-0,785302951
2,7	-0,772764488
2,71	-0,759916929
2,72	-0,746765413
2,73	-0,733315201
2,74	-0,719571673
2,75	-0,705540326
2,76	-0,691226772
2,77	-0,676636736
2,78	-0,661776055
2,79	-0,646650672
2,8	-0,631266638
2,81	-0,615630105
2,82	-0,599747329
2,83	-0,583624661
2,84	-0,567268552
2,85	-0,550685543
2,86	-0,533882266
2,87	-0,516865444
2,88	-0,499641883
2,89	-0,482218472
2,9	-0,464602179
2,91	-0,446800052
2,92	-0,428819211
2,93	-0,410666848
2,94	-0,392350224
2,95	-0,373876665
2,96	-0,35525356
2,97	-0,336488358
2,98	-0,317588566
2,99	-0,298561742
3	-0,279415498
3,01	-0,260157491
3,02	-0,240795425
3,03	-0,221337044
3,04	-0,201790131
3,05	-0,182162504
3,06	-0,162462015
3,07	-0,142696544
3,08	-0,122873995
3,09	-0,103002299
3,1	-0,083089403
3,11	-0,063143272
3,12	-0,043171885
3,13	-0,02318323
3,14	-0,003185302
3,15	0,0168139
3,16	0,036806377
3,17	0,056784132
3,18	0,076739174
3,19	0,096663522
3,2	0,116549205
3,21	0,13638827
3,22	0,156172782
3,23	0,175894826
3,24	0,195546515
3,25	0,215119988
3,26	0,234607416
3,27	0,254001004
3,28	0,273292995
3,29	0,292475672
3,3	0,311541364
3,31	0,330482442
3,32	0,349291332
3,33	0,367960511
3,34	0,38648251
3,35	0,404849921
3,36	0,423055397
3,37	0,441091657
3,38	0,458951486
3,39	0,476627741
3,4	0,494113351
3,41	0,511401322
3,42	0,52848474
3,43	0,545356771
3,44	0,562010666
3,45	0,578439764
3,46	0,594637495
3,47	0,610597378
3,48	0,62631303
3,49	0,641778166
3,5	0,656986599
3,51	0,671932246
3,52	0,686609129
3,53	0,701011377
3,54	0,715133231
3,55	0,72896904
3,56	0,742513272
3,57	0,755760508
3,58	0,76870545
3,59	0,78134292
3,6	0,793667864
3,61	0,805675351
3,62	0,817360578
3,63	0,828718872
3,64	0,83974569
3,65	0,850436621
3,66	0,860787388
3,67	0,870793852
3,68	0,88045201
3,69	0,889757998
3,7	0,898708096
3,71	0,907298722
3,72	0,915526441
3,73	0,923387961
3,74	0,930880139
3,75	0,937999977
3,76	0,944744627
3,77	0,951111392
3,78	0,957097726
3,79	0,962701233
3,8	0,967919672
3,81	0,972750956
3,82	0,977193153
3,83	0,981244486
3,84	0,984903334
3,85	0,988168234
3,86	0,99103788
3,87	0,993511123
3,88	0,995586976
3,89	0,997264607
3,9	0,998543345
3,91	0,99942268
3,92	0,999902259
3,93	0,99998189
3,94	0,999661541
3,95	0,998941342
3,96	0,997821579
3,97	0,996302701
3,98	0,994385315
3,99	0,992070188
4	0,989358247
4,01	0,986250575
4,02	0,982748416
4,03	0,978853171
4,04	0,974566398
4,05	0,969889811
4,06	0,964825281
4,07	0,959374834
4,08	0,95354065
4,09	0,947325062
4,1	0,940730557
4,11	0,933759772
4,12	0,926415495
4,13	0,918700665
4,14	0,910618367
4,15	0,902171834
4,16	0,893364444
4,17	0,88419972
4,18	0,874681328
4,19	0,864813075
4,2	0,854598908
4,21	0,844042913
4,22	0,833149313
4,23	0,821922463
4,24	0,810366856
4,25	0,798487113
4,26	0,786287985
4,27	0,773774353
4,28	0,760951221
4,29	0,747823719
4,3	0,734397098
4,31	0,720676727
4,32	0,706668096
4,33	0,692376806
4,34	0,677808575
4,35	0,66296923
4,36	0,647864706
4,37	0,632501045
4,38	0,616884391
4,39	0,601020992
4,4	0,584917193
4,41	0,568579435
4,42	0,552014252
4,43	0,535228271
4,44	0,518228206
4,45	0,501020856
4,46	0,483613105
4,47	0,466011915
4,48	0,448224327
4,49	0,430257455
4,5	0,412118485
4,51	0,393814674
4,52	0,375353342
4,53	0,356741874
4,54	0,337987713
4,55	0,319098362
4,56	0,300081376
4,57	0,280944362
4,58	0,261694973
4,59	0,24234091
4,6	0,222889914
4,61	0,203349765
4,62	0,183728279
4,63	0,164033303
4,64	0,144272717
4,65	0,124454424
4,66	0,10458635
4,67	0,084676443
4,68	0,064732667
4,69	0,044762998
4,7	0,024775425
4,71	0,004777943
4,72	-0,015221451
4,73	-0,035214757
4,74	-0,055193977
4,75	-0,07515112
4,76	-0,095078204
4,77	-0,114967258
4,78	-0,134810327
4,79	-0,154599473
4,8	-0,174326781
4,81	-0,193984361
4,82	-0,21356435
4,83	-0,233058916
4,84	-0,252460262
4,85	-0,271760626
4,86	-0,290952291
4,87	-0,310027578
4,88	-0,328978858
4,89	-0,347798551
4,9	-0,366479129
4,91	-0,385013121
4,92	-0,403393112
4,93	-0,421611752
4,94	-0,439661752
4,95	-0,457535894
4,96	-0,475227027
4,97	-0,492728076
4,98	-0,51003204
4,99	-0,527131998
5	-0,544021111
5,01	-0,560692622
5,02	-0,577139864
5,03	-0,593356257
5,04	-0,609335316
5,05	-0,625070649
5,06	-0,640555962
5,07	-0,655785061
5,08	-0,670751855
5,09	-0,685450357
5,1	-0,699874688
5,11	-0,714019078
5,12	-0,72787787
5,13	-0,741445521
5,14	-0,754716604
5,15	-0,76768581
5,16	-0,780347952
5,17	-0,792697965
5,18	-0,804730909
5,19	-0,816441972
5,2	-0,827826469
5,21	-0,838879846
5,22	-0,849597683
5,23	-0,859975692
5,24	-0,870009722
5,25	-0,87969576
5,26	-0,889029931
5,27	-0,898008502
5,28	-0,906627882
5,29	-0,914884623
5,3	-0,922775422
5,31	-0,930297123
5,32	-0,937446717
5,33	-0,944221346
5,34	-0,950618298
5,35	-0,956635016
5,36	-0,962269093
5,37	-0,967518275
5,38	-0,972380462
5,39	-0,97685371
5,4	-0,98093623
5,41	-0,984626388
5,42	-0,987922709
5,43	-0,990823874
5,44	-0,993328723
5,45	-0,995436253
5,46	-0,997145622
5,47	-0,998456147
5,48	-0,999367302
5,49	-0,999878723
5,5	-0,999990207
5,51	-0,999701707
5,52	-0,99901334
5,53	-0,997925382
5,54	-0,996438266
5,55	-0,994552588
5,56	-0,992269103
5,57	-0,989588723
5,58	-0,986512521
5,59	-0,983041727
5,6	-0,979177729
5,61	-0,974922074
5,62	-0,970276462
5,63	-0,965242753
5,64	-0,95982296
5,65	-0,95401925
5,66	-0,947833945
5,67	-0,94126952
5,68	-0,934328599
5,69	-0,927013959
5,7	-0,919328526
5,71	-0,911275373
5,72	-0,902857723
5,73	-0,894078942
5,74	-0,884942541
5,75	-0,875452175
5,76	-0,865611639
5,77	-0,855424871
5,78	-0,844895944
5,79	-0,83402907
5,8	-0,822828595
5,81	-0,811299
5,82	-0,799444896
5,83	-0,787271025
5,84	-0,774782256
5,85	-0,761983584
5,86	-0,748880129
5,87	-0,735477132
5,88	-0,721779954
5,89	-0,707794073
5,9	-0,693525085
5,91	-0,678978695
5,92	-0,664160724
5,93	-0,649077096
5,94	-0,633733847
5,95	-0,618137112
5,96	-0,602293131
5,97	-0,586208241
5,98	-0,569888875
5,99	-0,553341561
6	-0,536572918
6,01	-0,519589653
6,02	-0,502398559
6,03	-0,485006512
6,04	-0,467420469
6,05	-0,449647465
6,06	-0,431694607
6,07	-0,413569077
6,08	-0,395278125
6,09	-0,376829067
6,1	-0,358229282
6,11	-0,339486211
6,12	-0,320607349
6,13	-0,301600249
6,14	-0,282472513
6,15	-0,263231791
6,16	-0,243885781
6,17	-0,224442219
6,18	-0,204908883
6,19	-0,185293587
6,2	-0,165604175
6,21	-0,145848525
6,22	-0,126034536
6,23	-0,106170136
6,24	-0,086263269
6,25	-0,066321897
6,26	-0,046353998
6,27	-0,026367558
6,28	-0,006370571
6,29	0,013628964
6,3	0,033623047
6,31	0,053603682
6,32	0,073562876
6,33	0,093492646
6,34	0,11338502
6,35	0,133232041
6,36	0,153025772
6,37	0,172758294
6,38	0,192421715
6,39	0,21200817
6,4	0,231509825
6,41	0,250918879
6,42	0,270227569
6,43	0,289428171
6,44	0,308513005
6,45	0,327474439
6,46	0,346304887
6,47	0,364996818
6,48	0,383542755
6,49	0,40193528
6,5	0,420167037
6,51	0,438230732
6,52	0,456119141
6,53	0,473825108
6,54	0,491341551
6,55	0,508661464
6,56	0,52577792
6,57	0,542684071
6,58	0,559373156
6,59	0,575838499
6,6	0,592073515
6,61	0,608071709
6,62	0,623826682
6,63	0,639332133
6,64	0,65458186
6,65	0,669569762
6,66	0,684289846
6,67	0,698736223
6,68	0,712903114
6,69	0,726784854
6,7	0,74037589
6,71	0,753670785
6,72	0,766664222
6,73	0,779351004
6,74	0,791726055
6,75	0,803784427
6,76	0,815521295
6,77	0,826931966
6,78	0,838011875
6,79	0,848756591
6,8	0,859161815
6,81	0,869223386
6,82	0,878937279
6,83	0,888299609
6,84	0,897306631
6,85	0,905954742
6,86	0,914240484
6,87	0,922160541
6,88	0,929711747
6,89	0,93689108
6,9	0,943695669
6,91	0,950122793
6,92	0,95616988
6,93	0,961834512
6,94	0,967114423
6,95	0,972007501
6,96	0,976511789
6,97	0,980625486
6,98	0,984346945
6,99	0,987674679
7	0,990607356
7,01	0,993143803
7,02	0,995283006
7,03	0,997024109
7,04	0,998366415
7,05	0,999309389
7,06	0,999852652
7,07	0,999995987
7,08	0,999739337
7,09	0,999082805
7,1	0,998026653
7,11	0,996571303
7,12	0,994717339
7,13	0,9924655
7,14	0,989816689
7,15	0,986771964
7,16	0,983332544
7,17	0,979499804
7,18	0,975275276
7,19	0,970660652
7,2	0,965657777
7,21	0,960268651
7,22	0,95449543
7,23	0,948340424
7,24	0,941806095
7,25	0,934895056
7,26	0,927610071
7,27	0,919954054
7,28	0,911930068
7,29	0,903541322
7,3	0,894791172
7,31	0,885683117
7,32	0,876220801
7,33	0,866408008
7,34	0,856248664
7,35	0,845746831
7,36	0,834906711
7,37	0,82373264
7,38	0,812229086
7,39	0,800400651
7,4	0,788252067
7,41	0,775788193
7,42	0,763014014
7,43	0,749934639
7,44	0,7365553
7,45	0,72288135
7,46	0,708918256
7,47	0,694671604
7,48	0,680147093
7,49	0,665350532
7,5	0,65028784
7,51	0,634965042
7,52	0,619388265
7,53	0,603563742
7,54	0,587497802
7,55	0,57119687
7,56	0,554667467
7,57	0,537916204
7,58	0,520949782
7,59	0,503774987
7,6	0,486398689
7,61	0,468827838
7,62	0,451069462
7,63	0,433130664
7,64	0,415018619
7,65	0,396740573
7,66	0,378303836
7,67	0,359715782
7,68	0,340983847
7,69	0,322115523
7,7	0,303118357
7,71	0,283999947
7,72	0,264767942
7,73	0,245430032
7,74	0,225993954
7,75	0,206467482
7,76	0,186858425
7,77	0,167174627
7,78	0,147423962
7,79	0,127614329
7,8	0,107753652
7,81	0,087849875
7,82	0,06791096
7,83	0,04794488
7,84	0,027959624
7,85	0,007963184
7,86	-0,012036441
7,87	-0,032031252
7,88	-0,052013251
7,89	-0,071974445
7,9	-0,09190685
7,91	-0,111802494
7,92	-0,131653418
7,93	-0,151451683
7,94	-0,171189369
7,95	-0,190858581
7,96	-0,210451453
7,97	-0,229960147
7,98	-0,24937686
7,99	-0,268693825
8	-0,287903317
8,01	-0,306997651
8,02	-0,32596919
8,03	-0,344810345
8,04	-0,363513582
8,05	-0,382071417
8,06	-0,400476429
8,07	-0,418721256
8,08	-0,4367986
8,09	-0,45470123
8,1	-0,472421986
8,11	-0,48995378
8,12	-0,507289598
8,13	-0,524422508
8,14	-0,541345655
8,15	-0,558052271
8,16	-0,574535674
8,17	-0,59078927
8,18	-0,606806559
8,19	-0,622581133
8,2	-0,638106682
8,21	-0,653376998
8,22	-0,668385971
8,23	-0,683127599
8,24	-0,697595985
8,25	-0,711785342
8,26	-0,725689995
8,27	-0,739304381
8,28	-0,752623055
8,29	-0,76564069
8,3	-0,778352079
8,31	-0,790752137
8,32	-0,802835905
8,33	-0,814598549
8,34	-0,826035365
8,35	-0,837141778
8,36	-0,847913345
8,37	-0,858345758
8,38	-0,868434845
8,39	-0,878176569
8,4	-0,887567034
8,41	-0,896602484
8,42	-0,905279305
8,43	-0,913594026
8,44	-0,921543322
8,45	-0,929124013
8,46	-0,936333066
8,47	-0,943167599
8,48	-0,949624878
8,49	-0,955702319
8,5	-0,961397492
8,51	-0,966708119
8,52	-0,971632075
8,53	-0,976167392
8,54	-0,980312254
8,55	-0,984065005
8,56	-0,987424143
8,57	-0,990388324
8,58	-0,992956364
8,59	-0,995127234
8,6	-0,996900066
8,61	-0,998274152
8,62	-0,999248941
8,63	-0,999824044
8,64	-0,999999231
8,65	-0,999774431
8,66	-0,999149735
8,67	-0,998125392
8,68	-0,996701813
8,69	-0,994879566
8,7	-0,99265938
8,71	-0,990042144
8,72	-0,987028905
8,73	-0,983620867
8,74	-0,979819393
8,75	-0,975626005
8,76	-0,97104238
8,77	-0,966070351
8,78	-0,960711906
8,79	-0,954969189
8,8	-0,948844498
8,81	-0,942340281
8,82	-0,935459141
8,83	-0,92820383
8,84	-0,920577249
8,85	-0,91258245
8,86	-0,90422263
8,87	-0,895501133
8,88	-0,886421447
8,89	-0,876987205
8,9	-0,867202179
8,91	-0,857070285
8,92	-0,846595573
8,93	-0,835782235
8,94	-0,824634595
8,95	-0,813157112
8,96	-0,801354377
8,97	-0,789231111
8,98	-0,776792163
8,99	-0,764042508
9	-0,750987247
9,01	-0,737631601
9,02	-0,723980912
9,03	-0,71004064
9,04	-0,695816361
9,05	-0,681313766
9,06	-0,666538653
9,07	-0,651496935
9,08	-0,636194626
9,09	-0,620637847
9,1	-0,604832822
9,11	-0,588785872
9,12	-0,572503416
9,13	-0,555991965
9,14	-0,539258125
9,15	-0,52230859
9,16	-0,505150137
9,17	-0,487789632
9,18	-0,470234017
9,19	-0,452490314
9,2	-0,434565622
9,21	-0,416467109
9,22	-0,398202015
9,23	-0,379777645
9,24	-0,36120137
9,25	-0,342480618
9,26	-0,323622879
9,27	-0,304635696
9,28	-0,285526661
9,29	-0,266303421
9,3	-0,246973662
9,31	-0,227545117
9,32	-0,208025557
9,33	-0,188422789
9,34	-0,168744655
9,35	-0,148999026
9,36	-0,129193799
9,37	-0,109336896
9,38	-0,089436259
9,39	-0,06949985
9,4	-0,049535641
9,41	-0,029551619
9,42	-0,009555776
9,43	0,010443889
9,44	0,030439376
9,45	0,050422688
9,46	0,070385831
9,47	0,090320821
9,48	0,110219684
9,49	0,130074461
9,5	0,14987721
9,51	0,169620009
9,52	0,189294963
9,53	0,208894202
9,54	0,228409885
9,55	0,247834208
9,56	0,2671594
9,57	0,286377732
9,58	0,305481517
9,59	0,324463113
9,6	0,343314929
9,61	0,362029423
9,62	0,38059911
9,63	0,399016562
9,64	0,417274413
9,65	0,43536536
9,66	0,453282167
9,67	0,471017667
9,68	0,488564766
9,69	0,505916445
9,7	0,523065765
9,71	0,540005866
9,72	0,556729971
9,73	0,573231392
9,74	0,589503527
9,75	0,60553987
9,76	0,621334004
9,77	0,636879613
9,78	0,652170479
9,79	0,667200485
9,8	0,68196362
9,81	0,696453979
9,82	0,710665765
9,83	0,724593294
9,84	0,738230996
9,85	0,751573415
9,86	0,764615215
9,87	0,777351179
9,88	0,789776213
9,89	0,801885347
9,9	0,813673738
9,91	0,825136669
9,92	0,836269558
9,93	0,847067949
9,94	0,857527525
9,95	0,867644101
9,96	0,877413631
9,97	0,886832207
9,98	0,895896062
9,99	0,904601571
10	0,912945251
